(48.357509595570896, 8.73335352539907)
(48.35798345086766, 8.732940064802534)
(48.35751589686705, 8.733757502954397)
(48.3574478428273, 8.734015441675174)
(48.35718206564807, 8.734649690719744)
(48.35733823578157, 8.73223455347912)
(48.35582944372808, 8.734323904178744)
(48.35582944372808, 8.73537462514425)
(48.35780555718778, 8.734308731314092)
(48.3578206802094, 8.734031826510908)
(48.35704435929554, 8.73419114160756)
(48.35666258790663, 8.73408258941909)
(48.357819838330855, 8.733234128703163)
(48.35737050613862, 8.733801895655173)
(48.356857584348894, 8.732111353519926)
(48.358214060487434, 8.732640844087983)

